Round Costants: 
[1337955004, 1367429177, 1743914851, 740223888, 1468216011, 1719134033, 453365459, 530345905, 721433499, 1509841703, 1825779369, 659445153, 1761978132, 951227651, 805393251, 2121768148, 1580739153, 699788269, 575751146, 1487572327, 636228153, 1235912527, 1799708221, 627223601, 1985896975, 232455476, 1552660474, 1286504011, 133305388, 1330250169, 1873351758, 1249254749, 656656135, 0, 0, 0, 0, 0, 0, 0, 0, 0, 0, 0, 0, 0, 0, 0, 1215211643, 2058118293, 265689576, 1593649773, 560890292, 1892799583, 655375650, 2033641140, 77722953, 639997731, 93592034, 136143744, 17163270, 1902294035, 1481572108, 1365459094, 688048860, 1470115723, 1500521211, 1680922619, 1272262914, 1275388246, 844784829, 1706658472, 2051757360, 1366089976, 77633995, 632856853, 364154585, 256285265, 181966044, 1182591191]
Matrix Full: 
[10 14  2  6  5  7  1  3  5  7  1  3  5  7  1  3]
[ 8 12  2  2  4  6  1  1  4  6  1  1  4  6  1  1]
[ 2  6 10 14  1  3  5  7  1  3  5  7  1  3  5  7]
[ 2  2  8 12  1  1  4  6  1  1  4  6  1  1  4  6]
[ 5  7  1  3 10 14  2  6  5  7  1  3  5  7  1  3]
[ 4  6  1  1  8 12  2  2  4  6  1  1  4  6  1  1]
[ 1  3  5  7  2  6 10 14  1  3  5  7  1  3  5  7]
[ 1  1  4  6  2  2  8 12  1  1  4  6  1  1  4  6]
[ 5  7  1  3  5  7  1  3 10 14  2  6  5  7  1  3]
[ 4  6  1  1  4  6  1  1  8 12  2  2  4  6  1  1]
[ 1  3  5  7  1  3  5  7  2  6 10 14  1  3  5  7]
[ 1  1  4  6  1  1  4  6  2  2  8 12  1  1  4  6]
[ 5  7  1  3  5  7  1  3  5  7  1  3 10 14  2  6]
[ 4  6  1  1  4  6  1  1  4  6  1  1  8 12  2  2]
[ 1  3  5  7  1  3  5  7  1  3  5  7  2  6 10 14]
[ 1  1  4  6  1  1  4  6  1  1  4  6  2  2  8 12]
Matrix Partial: 
[1329827747          1          1          1          1          1          1          1          1          1          1          1          1          1          1          1]
[         1  875786758          1          1          1          1          1          1          1          1          1          1          1          1          1          1]
[         1          1  132889202          1          1          1          1          1          1          1          1          1          1          1          1          1]
[         1          1          1 1074162980          1          1          1          1          1          1          1          1          1          1          1          1]
[         1          1          1          1 1766999771          1          1          1          1          1          1          1          1          1          1          1]
[         1          1          1          1          1  492235992          1          1          1          1          1          1          1          1          1          1]
[         1          1          1          1          1          1 2061343503          1          1          1          1          1          1          1          1          1]
[         1          1          1          1          1          1          1 1517024595          1          1          1          1          1          1          1          1]
[         1          1          1          1          1          1          1          1  534738949          1          1          1          1          1          1          1]
[         1          1          1          1          1          1          1          1          1  838363649          1          1          1          1          1          1]
[         1          1          1          1          1          1          1          1          1          1  254279956          1          1          1          1          1]
[         1          1          1          1          1          1          1          1          1          1          1 1553366804          1          1          1          1]
[         1          1          1          1          1          1          1          1          1          1          1          1 1756173309          1          1          1]
[         1          1          1          1          1          1          1          1          1          1          1          1          1 1473904101          1          1]
[         1          1          1          1          1          1          1          1          1          1          1          1          1          1  628009981          1]
[         1          1          1          1          1          1          1          1          1          1          1          1          1          1          1 1492201877]
